# Task,   Job,     Period,   Response, DL Miss?,   Lateness,  Tardiness, Forced?,       ACET,  Preemptions,   Migrations
# task NAME=<unknown> PID=9861 COST=0 PERIOD=0 CPU=-1
  9861,     2,          0,       7143,        0,  -18992857,          0,       0,       1904,            0,            0
  9861,     3,          0,     435393,        0,  -18564607,          0,       0,      68179,            0,            0
  9861,     4,          0,  122107306,        1,  103107306,  103107306,       0,   65334467,            0,            0
  9861,     5,          0,     346470,        0,  -18653530,          0,       0,     137447,            6,            0
  9861,     6,          0,   10564023,        0,   -8435977,          0,       0,    7029144,            8,            0
  9861,     7,          0,    8663333,        0,  -10336667,          0,       0,    5056170,            8,            0
  9861,     8,          0,    6984873,        0,  -12015127,          0,       0,    5316936,            8,            0
  9861,     9,          0,    9893558,        0,   -9106442,          0,       0,    7520333,            8,            0
  9861,    10,          0,    8278211,        0,  -10721789,          0,       0,    5576476,            8,            0
  9861,    11,          0,   10542003,        0,   -8457997,          0,       0,    5960490,            8,            0
  9861,    12,          0,    5922307,        0,  -13077693,          0,       0,    4512467,            8,            0
  9861,    13,          0,    7540612,        0,  -11459388,          0,       0,    5565579,            8,            0
  9861,    17,          0,   11618048,        0,   -7381952,          0,       0,    6371190,            8,            0
  9861,    18,          0,    9338741,        0,   -9661259,          0,       0,    6913206,            8,            0
  9861,    19,          0,   11170213,        0,   -7829787,          0,       0,    6456610,            8,            0
  9861,    20,          0,    9755364,        0,   -9244636,          0,       0,    6986335,            8,            0
  9861,    21,          0,   11695748,        0,   -7304252,          0,       0,    7897356,            8,            0
  9861,    22,          0,   10720986,        0,   -8279014,          0,       0,    6864454,            8,            0
  9861,    23,          0,    9035475,        0,   -9964525,          0,       0,    6908709,            8,            0
  9861,    24,          0,   14413519,        0,   -4586481,          0,       0,    6795028,            8,            0
  9861,    27,          0,   11506911,        0,   -7493089,          0,       0,    8137610,            8,            0
  9861,    28,          0,    9564754,        0,   -9435246,          0,       0,    7168000,            8,            0
  9861,    29,          0,   13682783,        0,   -5317217,          0,       0,    8885348,            8,            0
  9861,    30,          0,   10200255,        0,   -8799745,          0,       0,    7333318,            8,            0
  9861,    31,          0,   10774317,        0,   -8225683,          0,       0,    7876616,            8,            0
  9861,    32,          0,    9757454,        0,   -9242546,          0,       0,    7194556,            8,            0
  9861,    33,          0,   13007327,        0,   -5992673,          0,       0,    7205310,            8,            0
  9861,    34,          0,   10109018,        0,   -8890982,          0,       0,    7067858,            8,            0
  9861,    38,          0,    9504734,        0,   -9495266,          0,       0,    6782475,            8,            0
  9861,    39,          0,    9351878,        0,   -9648122,          0,       0,    6314226,            8,            0
  9861,    40,          0,   10931890,        0,   -8068110,          0,       0,    6592722,            8,            0
  9861,    41,          0,   10111039,        0,   -8888961,          0,       0,    6462610,            8,            0
  9861,    42,          0,   11695942,        0,   -7304058,          0,       0,    8448484,            8,            0
  9861,    43,          0,   11474782,        0,   -7525218,          0,       0,    7423381,            8,            0
  9861,    44,          0,   12135354,        0,   -6864646,          0,       0,    8667938,            8,            0
  9861,    45,          0,   10454396,        0,   -8545604,          0,       0,    8137761,            8,            0
  9861,    49,          0,    9697760,        0,   -9302240,          0,       0,    7146139,            8,            0
  9861,    50,          0,   13896213,        0,   -5103787,          0,       0,    8452676,            8,            0
  9861,    51,          0,   11398653,        0,   -7601347,          0,       0,    9170126,            8,            0
  9861,    52,          0,    9817381,        0,   -9182619,          0,       0,    6978195,            8,            0
  9861,    53,          0,   15848587,        0,   -3151413,          0,       0,    7358958,            8,            0
  9861,    54,          0,   10234237,        0,   -8765763,          0,       0,    7065442,            8,            0
  9861,    55,          0,   11449648,        0,   -7550352,          0,       0,    7482053,            8,            0
  9861,    56,          0,    9338417,        0,   -9661583,          0,       0,    6510467,            8,            0
  9861,    60,          0,   11172400,        0,   -7827600,          0,       0,    7620337,            8,            0
  9861,    61,          0,    9482502,        0,   -9517498,          0,       0,    7412574,            8,            0
  9861,    62,          0,    5938473,        0,  -13061527,          0,       0,    4675626,            8,            0
  9861,    63,          0,    8910345,        0,  -10089655,          0,       0,    6960635,            8,            0
  9861,    64,          0,   12778099,        0,   -6221901,          0,       0,    8089790,            8,            0
  9861,    65,          0,    8905130,        0,  -10094870,          0,       0,    6245537,            8,            0
  9861,    66,          0,   11100919,        0,   -7899081,          0,       0,    7159612,            8,            0
  9861,    67,          0,    9344606,        0,   -9655394,          0,       0,    7334200,            8,            0
  9861,    70,          0,   10066437,        0,   -8933563,          0,       0,    6924792,            8,            0
  9861,    71,          0,   11379395,        0,   -7620605,          0,       0,    7844333,            8,            0
  9861,    72,          0,   11562074,        0,   -7437926,          0,       0,    7272677,            8,            0
  9861,    73,          0,    9705600,        0,   -9294400,          0,       0,    6392590,            8,            0
  9861,    74,          0,   11581136,        0,   -7418864,          0,       0,    9013169,            8,            0
  9861,    75,          0,    9166507,        0,   -9833493,          0,       0,    6813542,            8,            0
  9861,    76,          0,    9044494,        0,   -9955506,          0,       0,    6838576,            8,            0
  9861,    77,          0,   15321686,        0,   -3678314,          0,       0,    7048566,            8,            0
  9861,    81,          0,    9296973,        0,   -9703027,          0,       0,    7243814,            8,            0
  9861,    82,          0,   11064637,        0,   -7935363,          0,       0,    7476134,            8,            0
  9861,    83,          0,   14211597,        0,   -4788403,          0,       0,    7834068,            8,            0
  9861,    84,          0,    9236074,        0,   -9763926,          0,       0,    6975020,            8,            0
  9861,    85,          0,   11183845,        0,   -7816155,          0,       0,    8844020,            8,            0
  9861,    86,          0,    9707641,        0,   -9292359,          0,       0,    6017914,            8,            0
  9861,    87,          0,   10350449,        0,   -8649551,          0,       0,    5241269,            8,            0
  9861,    88,          0,   10569022,        0,   -8430978,          0,       0,    7423762,            8,            0
  9861,    92,          0,    7710173,        0,  -11289827,          0,       0,    6136115,            8,            0
  9861,    93,          0,   12717162,        0,   -6282838,          0,       0,    8614693,            8,            0
  9861,    94,          0,   10033470,        0,   -8966530,          0,       0,    7442003,            8,            0
  9861,    95,          0,   14398097,        0,   -4601903,          0,       0,    5911358,            8,            0
  9861,    96,          0,    7282766,        0,  -11717234,          0,       0,    5253615,            8,            0
  9861,    97,          0,    8218158,        0,  -10781842,          0,       0,    5405185,            8,            0
  9861,    98,          0,    5086018,        0,  -13913982,          0,       0,    4834815,            8,            0
  9861,    99,          0,    7407358,        0,  -11592642,          0,       0,    5203651,            8,            0
  9861,   103,          0,    7792937,        0,  -11207063,          0,       0,    5229581,            8,            0
  9861,   104,          0,    7806638,        0,  -11193362,          0,       0,    5285439,            8,            0
  9861,   105,          0,   11096009,        0,   -7903991,          0,       0,    5838095,            8,            0
  9861,   106,          0,    8497629,        0,  -10502371,          0,       0,    5824278,            8,            0
  9861,   107,          0,   12828643,        0,   -6171357,          0,       0,    7649723,            8,            0
  9861,   108,          0,    6705518,        0,  -12294482,          0,       0,    5365500,            8,            0
  9861,   109,          0,    8040523,        0,  -10959477,          0,       0,    5702579,            8,            0
  9861,   110,          0,    8511793,        0,  -10488207,          0,       0,    6823632,            8,            0
  9861,   113,          0,    9445583,        0,   -9554417,          0,       0,    6249028,            8,            0
  9861,   114,          0,   11868206,        0,   -7131794,          0,       0,    7230447,            8,            0
  9861,   115,          0,    8880879,        0,  -10119121,          0,       0,    6330364,            8,            0
  9861,   116,          0,   10242776,        0,   -8757224,          0,       0,    8401017,            8,            0
  9861,   117,          0,    8020908,        0,  -10979092,          0,       0,    6147393,            8,            0
  9861,   118,          0,    8949532,        0,  -10050468,          0,       0,    6407154,            8,            0
  9861,   119,          0,    7321745,        0,  -11678255,          0,       0,    5385467,            8,            0
  9861,   120,          0,    9588735,        0,   -9411265,          0,       0,    5670033,            8,            0
  9861,   124,          0,    8278269,        0,  -10721731,          0,       0,    6251778,            8,            0
  9861,   125,          0,   10618652,        0,   -8381348,          0,       0,    5424756,            8,            0
  9861,   126,          0,    8232699,        0,  -10767301,          0,       0,    6102659,            8,            0
  9861,   127,          0,   10061868,        0,   -8938132,          0,       0,    5710302,            8,            0
  9861,   128,          0,    6335289,        0,  -12664711,          0,       0,    5120342,            8,            0
  9861,   129,          0,    7452461,        0,  -11547539,          0,       0,    5733669,            8,            0
  9861,   130,          0,   11707331,        0,   -7292669,          0,       0,    8682727,            8,            0
  9861,   131,          0,    7365493,        0,  -11634507,          0,       0,    5727639,            8,            0
  9861,   135,          0,    6301212,        0,  -12698788,          0,       0,    5787472,            8,            0
  9861,   136,          0,   11079443,        0,   -7920557,          0,       0,    7827303,            8,            0
  9861,   137,          0,   11920253,        0,   -7079747,          0,       0,    4930738,            8,            0
  9861,   138,          0,    7113366,        0,  -11886634,          0,       0,    5973658,            8,            0
  9861,   139,          0,    9967571,        0,   -9032429,          0,       0,    6290305,            8,            0
  9861,   140,          0,    9560398,        0,   -9439602,          0,       0,    6199375,            8,            0
  9861,   141,          0,    7039905,        0,  -11960095,          0,       0,    6193205,            8,            0
  9861,   142,          0,   13656445,        0,   -5343555,          0,       0,    6650877,            8,            0
  9861,   147,          0,    6510583,        0,  -12489417,          0,       0,    5831305,            8,            0
  9861,   148,          0,   11150009,        0,   -7849991,          0,       0,    5444643,            8,            0
  9861,   149,          0,    8472004,        0,  -10527996,          0,       0,    5310862,            8,            0
  9861,   150,          0,    9484642,        0,   -9515358,          0,       0,    6746550,            8,            0
  9861,   151,          0,    6539797,        0,  -12460203,          0,       0,    5732870,            8,            0
  9861,   152,          0,   10373430,        0,   -8626570,          0,       0,    8864848,            8,            0
  9861,   153,          0,   10613123,        0,   -8386877,          0,       0,    6815914,            8,            0
  9861,   154,          0,    7019415,        0,  -11980585,          0,       0,    5718290,            8,            0
  9861,   157,          0,    8747260,        0,  -10252740,          0,       0,    6375117,            8,            0
  9861,   158,          0,    9216210,        0,   -9783790,          0,       0,    7120403,            8,            0
  9861,   159,          0,   11225850,        0,   -7774150,          0,       0,    8818846,            8,            0
  9861,   160,          0,    6540391,        0,  -12459609,          0,       0,    5875067,            8,            0
  9861,   161,          0,    8915892,        0,  -10084108,          0,       0,    6057875,            8,            0
  9861,   162,          0,    5371638,        0,  -13628362,          0,       0,    5000475,            8,            0
  9861,   163,          0,    6723140,        0,  -12276860,          0,       0,    6285858,            8,            0
  9861,   164,          0,   10676422,        0,   -8323578,          0,       0,    5653254,            8,            0
  9861,   168,          0,    7449436,        0,  -11550564,          0,       0,    6199041,            8,            0
  9861,   169,          0,    6426738,        0,  -12573262,          0,       0,    5728216,            8,            0
  9861,   170,          0,    7011221,        0,  -11988779,          0,       0,    5857023,            8,            0
  9861,   171,          0,    9303897,        0,   -9696103,          0,       0,    7120163,            8,            0
  9861,   172,          0,    8124403,        0,  -10875597,          0,       0,    6495752,            8,            0
  9861,   173,          0,   12877721,        0,   -6122279,          0,       0,    9523755,            8,            0
  9861,   174,          0,    9275743,        0,   -9724257,          0,       0,    7595265,            8,            0
  9861,   175,          0,    9711572,        0,   -9288428,          0,       0,    6915107,            8,            0
  9861,   179,          0,    8531877,        0,  -10468123,          0,       0,    6352608,            8,            0
  9861,   180,          0,    6769243,        0,  -12230757,          0,       0,    6270050,            8,            0
  9861,   181,          0,   11084764,        0,   -7915236,          0,       0,    6299823,            8,            0
  9861,   182,          0,   11867389,        0,   -7132611,          0,       0,    6218068,            8,            0
  9861,   183,          0,    8266715,        0,  -10733285,          0,       0,    6250163,            8,            0
  9861,   184,          0,    8979419,        0,  -10020581,          0,       0,    6434862,            8,            0
  9861,   185,          0,   11369935,        0,   -7630065,          0,       0,    6264976,            8,            0
  9861,   186,          0,   11926935,        0,   -7073065,          0,       0,    8866635,            8,            0
  9861,   190,          0,    8785695,        0,  -10214305,          0,       0,    6103818,            8,            0
  9861,   191,          0,   10973144,        0,   -8026856,          0,       0,    6510025,            8,            0
  9861,   192,          0,   11274607,        0,   -7725393,          0,       0,    6432695,            8,            0
  9861,   193,          0,   14889497,        0,   -4110503,          0,       0,    9197608,            8,            0
  9861,   194,          0,    8714109,        0,  -10285891,          0,       0,    6746516,            8,            0
  9861,   195,          0,    7279883,        0,  -11720117,          0,       0,    6661900,            8,            0
  9861,   196,          0,   11073856,        0,   -7926144,          0,       0,    6409807,            8,            0
  9861,   197,          0,   13206237,        0,   -5793763,          0,       0,    6362599,            8,            0
  9861,   200,          0,   11237562,        0,   -7762438,          0,       0,    6603980,            8,            0
  9861,   201,          0,   10941896,        0,   -8058104,          0,       0,    6264577,            8,            0
  9861,   202,          0,   11937244,        0,   -7062756,          0,       0,    9010636,            8,            0
  9861,   203,          0,    7368455,        0,  -11631545,          0,       0,    6182191,            8,            0
  9861,   204,          0,    8310338,        0,  -10689662,          0,       0,    6066139,            8,            0
  9861,   205,          0,    5992981,        0,  -13007019,          0,       0,    5589158,            8,            0
  9861,   206,          0,    8456850,        0,  -10543150,          0,       0,    6552496,            8,            0
  9861,   207,          0,   11547022,        0,   -7452978,          0,       0,    7607417,            8,            0
  9861,   211,          0,   10268212,        0,   -8731788,          0,       0,    5600920,            8,            0
  9861,   212,          0,    4918994,        0,  -14081006,          0,       0,    4535727,            8,            0
  9861,   213,          0,    6863280,        0,  -12136720,          0,       0,    5472174,            8,            0
  9861,   214,          0,   11204584,        0,   -7795416,          0,       0,    5384349,            8,            0
  9861,   215,          0,   12193925,        0,   -6806075,          0,       0,    9746655,            8,            0
  9861,   216,          0,    7369178,        0,  -11630822,          0,       0,    6588802,            8,            0
  9861,   217,          0,    6727991,        0,  -12272009,          0,       0,    4507774,            8,            0
  9861,   218,          0,    5096051,        0,  -13903949,          0,       0,    4619480,            8,            0
  9861,   222,          0,    8206613,        0,  -10793387,          0,       0,    6091570,            8,            0
  9861,   223,          0,    8714702,        0,  -10285298,          0,       0,    4537697,            8,            0
  9861,   224,          0,    5159083,        0,  -13840917,          0,       0,    4868966,            8,            0
  9861,   225,          0,    6349741,        0,  -12650259,          0,       0,    6097439,            8,            0
  9861,   226,          0,    9581481,        0,   -9418519,          0,       0,    4689844,            8,            0
  9861,   227,          0,    4626382,        0,  -14373618,          0,       0,    4397918,            8,            0
  9861,   228,          0,    7167653,        0,  -11832347,          0,       0,    5135949,            8,            0
  9861,   229,          0,    8715051,        0,  -10284949,          0,       0,    5996189,            8,            0
  9861,   233,          0,   14481534,        0,   -4518466,          0,       0,    5856212,            8,            0
  9861,   234,          0,   10690173,        0,   -8309827,          0,       0,    4869963,            8,            0
  9861,   235,          0,    5051429,        0,  -13948571,          0,       0,    4713280,            8,            0
  9861,   236,          0,    7367450,        0,  -11632550,          0,       0,    6076129,            8,            0
  9861,   237,          0,    5539113,        0,  -13460887,          0,       0,    5143394,            8,            0
  9861,   238,          0,    8456017,        0,  -10543983,          0,       0,    6940657,            8,            0
  9861,   239,          0,    4745306,        0,  -14254694,          0,       0,    4509424,            8,            0
  9861,   240,          0,    5864791,        0,  -13135209,          0,       0,    4751012,            8,            0
  9861,   243,          0,   13811623,        0,   -5188377,          0,       0,    6538480,            8,            0
  9861,   244,          0,    5478274,        0,  -13521726,          0,       0,    4992813,            8,            0
  9861,   245,          0,   12321586,        0,   -6678414,          0,       0,    5699550,            8,            0
  9861,   246,          0,    7603616,        0,  -11396384,          0,       0,    5142488,            8,            0
  9861,   247,          0,   10513641,        0,   -8486359,          0,       0,    4652645,            8,            0
  9861,   248,          0,    9240634,        0,   -9759366,          0,       0,    5497001,            8,            0
  9861,   249,          0,    6550896,        0,  -12449104,          0,       0,    4723012,            8,            0
  9861,   250,          0,   14444720,        0,   -4555280,          0,       0,    6635257,            8,            0
  9861,   254,          0,    6380373,        0,  -12619627,          0,       0,    4838348,            8,            0
  9861,   255,          0,    8038302,        0,  -10961698,          0,       0,    4976070,            8,            0
  9861,   256,          0,    8973439,        0,  -10026561,          0,       0,    5195262,            8,            0
  9861,   257,          0,    5905435,        0,  -13094565,          0,       0,    5447405,            8,            0
  9861,   258,          0,    8086548,        0,  -10913452,          0,       0,    6825176,            8,            0
  9861,   259,          0,    6522248,        0,  -12477752,          0,       0,    5185950,            8,            0
  9861,   260,          0,    6398657,        0,  -12601343,          0,       0,    5018516,            8,            0
  9861,   261,          0,    6339981,        0,  -12660019,          0,       0,    5097980,            8,            0
  9861,   265,          0,    9921596,        0,   -9078404,          0,       0,    6518613,            8,            0
  9861,   266,          0,    5918713,        0,  -13081287,          0,       0,    5572593,            8,            0
  9861,   267,          0,   11460288,        0,   -7539712,          0,       0,    5118394,            8,            0
  9861,   268,          0,    6540638,        0,  -12459362,          0,       0,    5302759,            8,            0
  9861,   269,          0,    6376038,        0,  -12623962,          0,       0,    5094775,            8,            0
  9861,   270,          0,    9252660,        0,   -9747340,          0,       0,    5277281,            8,            0
  9861,   271,          0,    8838791,        0,  -10161209,          0,       0,    5491571,            8,            0
  9861,   272,          0,   13762146,        0,   -5237854,          0,       0,    8106818,            8,            0
  9861,   276,          0,    6643348,        0,  -12356652,          0,       0,    5070603,            8,            0
  9861,   277,          0,    8642579,        0,  -10357421,          0,       0,    5893835,            8,            0
  9861,   278,          0,    8216063,        0,  -10783937,          0,       0,    5915707,            8,            0
  9861,   279,          0,    8696812,        0,  -10303188,          0,       0,    5323993,            8,            0
  9861,   280,          0,    6467339,        0,  -12532661,          0,       0,    5379548,            8,            0
  9861,   281,          0,    7888502,        0,  -11111498,          0,       0,    7010847,            8,            0
  9861,   282,          0,    9696220,        0,   -9303780,          0,       0,    5126717,            8,            0
  9861,   283,          0,    7526049,        0,  -11473951,          0,       0,    5172209,            8,            0
  9861,   287,          0,    6661981,        0,  -12338019,          0,       0,    6196995,            8,            0
  9861,   288,          0,   10091879,        0,   -8908121,          0,       0,    5276490,            8,            0
  9861,   289,          0,    5889567,        0,  -13110433,          0,       0,    5114946,            8,            0
  9861,   290,          0,    5657384,        0,  -13342616,          0,       0,    5038046,            8,            0
  9861,   291,          0,   11913395,        0,   -7086605,          0,       0,    5553240,            8,            0
  9861,   292,          0,   13614317,        0,   -5385683,          0,       0,    6464887,            8,            0
  9861,   293,          0,    6225525,        0,  -12774475,          0,       0,    5276371,            8,            0
  9861,   294,          0,   10498138,        0,   -8501862,          0,       0,    7328899,            8,            0
  9861,   298,          0,    5663300,        0,  -13336700,          0,       0,    5240505,            8,            0
  9861,   299,          0,    7795330,        0,  -11204670,          0,       0,    4865381,            8,            0
  9861,   300,          0,    7822233,        0,  -11177767,          0,       0,    4893580,            8,            0
  9861,   301,          0,   13338770,        0,   -5661230,          0,       0,    8762807,            8,            0
  9861,   302,          0,    7255936,        0,  -11744064,          0,       0,    6980260,            8,            0
  9861,   303,          0,    6452755,        0,  -12547245,          0,       0,    5355250,            8,            0
  9861,   304,          0,    7264093,        0,  -11735907,          0,       0,    4696535,            8,            0
  9861,   305,          0,   13845114,        0,   -5154886,          0,       0,    4825326,            8,            0
  9861,   308,          0,    5484322,        0,  -13515678,          0,       0,    4771210,            8,            0
  9861,   309,          0,    5187041,        0,  -13812959,          0,       0,    4953668,            8,            0
  9861,   310,          0,   11043305,        0,   -7956695,          0,       0,    5261861,            8,            0
  9861,   311,          0,    5476557,        0,  -13523443,          0,       0,    5057125,            8,            0
  9861,   312,          0,    4882982,        0,  -14117018,          0,       0,    4563451,            8,            0
  9861,   313,          0,    5927419,        0,  -13072581,          0,       0,    5213409,            8,            0
  9861,   314,          0,    8024040,        0,  -10975960,          0,       0,    5491997,            8,            0
  9861,   315,          0,    6854958,        0,  -12145042,          0,       0,    5305760,            8,            0
  9861,   319,          0,    5286771,        0,  -13713229,          0,       0,    4970124,            8,            0
  9861,   320,          0,    7849846,        0,  -11150154,          0,       0,    5077380,            8,            0
  9861,   321,          0,    5173152,        0,  -13826848,          0,       0,    4787503,            8,            0
  9861,   322,          0,    5842477,        0,  -13157523,          0,       0,    5267464,            8,            0
  9861,   323,          0,    8786269,        0,  -10213731,          0,       0,    8214888,            8,            0
  9861,   324,          0,    5620250,        0,  -13379750,          0,       0,    4946363,            8,            0
  9861,   325,          0,    4953450,        0,  -14046550,          0,       0,    4715987,            8,            0
  9861,   326,          0,    5272820,        0,  -13727180,          0,       0,    4761917,            8,            0
  9861,   330,          0,   13538468,        0,   -5461532,          0,       0,    7301989,            8,            0
  9861,   331,          0,    6088845,        0,  -12911155,          0,       0,    5643803,            8,            0
  9861,   332,          0,    6730695,        0,  -12269305,          0,       0,    5715465,            8,            0
  9861,   333,          0,    7023887,        0,  -11976113,          0,       0,    5699822,            8,            0
  9861,   334,          0,   12040578,        0,   -6959422,          0,       0,    5718336,            8,            0
  9861,   335,          0,   10512601,        0,   -8487399,          0,       0,    6319244,            8,            0
  9861,   336,          0,   13923841,        0,   -5076159,          0,       0,    8625184,            8,            0
  9861,   337,          0,    4896577,        0,  -14103423,          0,       0,    4571615,            8,            0
  9861,   341,          0,    5704705,        0,  -13295295,          0,       0,    5458725,            8,            0
  9861,   342,          0,     177691,        0,  -18822309,          0,       1,          0,            0,            0
# task NAME=<unknown> PID=10144 COST=0 PERIOD=0 CPU=-1
 10144,     2,          0,       4996,        0,  -18995004,          0,       0,       3368,            0,            0
 10144,     3,          0,     452438,        0,  -18547562,          0,       0,      14344,            0,            0
 10144,     4,          0,   56772658,        1,   37772658,   37772658,       0,   56479544,            0,            0
 10144,     5,          0,      38805,        0,  -18961195,          0,       0,      33805,            1,            0
 10144,     6,          0,   12140638,        0,   -6859362,          0,       0,    2093700,            3,            0
 10144,     7,          0,    9922176,        0,   -9077824,          0,       0,    1833603,            3,            0
 10144,     8,          0,    7728196,        0,  -11271804,          0,       0,    1861493,            3,            0
 10144,     9,          0,   10930341,        0,   -8069659,          0,       0,    2341358,            3,            0
 10144,    10,          0,    9127505,        0,   -9872495,          0,       0,    2316747,            3,            0
 10144,    11,          0,   11631985,        0,   -7368015,          0,       0,    2708648,            3,            0
 10144,    12,          0,    7322864,        0,  -11677136,          0,       0,    1940933,            3,            0
 10144,    13,          0,    8426401,        0,  -10573599,          0,       0,    2419018,            3,            0
 10144,    16,          0,   11417361,        0,   -7582639,          0,       0,    2803053,            3,            0
 10144,    17,          0,   12829531,        0,   -6170469,          0,       0,    2683421,            3,            0
 10144,    18,          0,   10238534,        0,   -8761466,          0,       0,    3044282,            3,            0
 10144,    19,          0,   13761684,        0,   -5238316,          0,       0,    3351706,            3,            0
 10144,    20,          0,   10705863,        0,   -8294137,          0,       0,    3155480,            3,            0
 10144,    21,          0,   12537599,        0,   -6462401,          0,       0,    3648409,            3,            0
 10144,    22,          0,   12317797,        0,   -6682203,          0,       0,    3141292,            3,            0
 10144,    23,          0,    9823782,        0,   -9176218,          0,       0,    2853767,            3,            0
 10144,    24,          0,   15737197,        0,   -3262803,          0,       0,    2927175,            3,            0
 10144,    27,          0,   12319858,        0,   -6680142,          0,       0,    2854200,            3,            0
 10144,    28,          0,   10600096,        0,   -8399904,          0,       0,    3264031,            3,            0
 10144,    29,          0,   14862729,        0,   -4137271,          0,       0,    3643448,            3,            0
 10144,    30,          0,   11066287,        0,   -7933713,          0,       0,    3012881,            3,            0
 10144,    31,          0,   11978691,        0,   -7021309,          0,       0,    2916455,            3,            0
 10144,    32,          0,   10644574,        0,   -8355426,          0,       0,    3384427,            3,            0
 10144,    33,          0,   14841747,        0,   -4158253,          0,       0,    3732570,            3,            0
 10144,    34,          0,   11153643,        0,   -7846357,          0,       0,    3388504,            3,            0
 10144,    38,          0,   10368287,        0,   -8631713,          0,       0,    3081004,            3,            0
 10144,    39,          0,   10071925,        0,   -8928075,          0,       0,    2616481,            3,            0
 10144,    40,          0,   11652607,        0,   -7347393,          0,       0,    2711127,            3,            0
 10144,    41,          0,   11493698,        0,   -7506302,          0,       0,    3239791,            3,            0
 10144,    42,          0,   12464773,        0,   -6535227,          0,       0,    3413619,            3,            0
 10144,    43,          0,   12622575,        0,   -6377425,          0,       0,    3032733,            3,            0
 10144,    44,          0,   13018501,        0,   -5981499,          0,       0,    3063804,            3,            0
 10144,    45,          0,   11228307,        0,   -7771693,          0,       0,    3001696,            3,            0
 10144,    49,          0,   10524557,        0,   -8475443,          0,       0,    3222687,            3,            0
 10144,    50,          0,   14648132,        0,   -4351868,          0,       0,    4794626,            3,            0
 10144,    51,          0,   12142034,        0,   -6857966,          0,       0,    2858566,            3,            0
 10144,    52,          0,   10652526,        0,   -8347474,          0,       0,    3304773,            3,            0
 10144,    53,          0,   18110942,        0,    -889058,          0,       0,    3690284,            3,            0
 10144,    54,          0,   11134143,        0,   -7865857,          0,       0,    3042129,            3,            0
 10144,    55,          0,   13732931,        0,   -5267069,          0,       0,    3902969,            3,            0
 10144,    56,          0,   10173088,        0,   -8826912,          0,       0,    2934082,            3,            0
 10144,    60,          0,   12488131,        0,   -6511869,          0,       0,    2873320,            3,            0
 10144,    61,          0,   10313282,        0,   -8686718,          0,       0,    2900326,            3,            0
 10144,    62,          0,    6724447,        0,  -12275553,          0,       0,    1646007,            3,            0
 10144,    63,          0,   10015330,        0,   -8984670,          0,       0,    3037711,            3,            0
 10144,    64,          0,   13633956,        0,   -5366044,          0,       0,    3892318,            3,            0
 10144,    65,          0,   10128043,        0,   -8871957,          0,       0,    2729741,            3,            0
 10144,    66,          0,   11868724,        0,   -7131276,          0,       0,    2810155,            3,            0
 10144,    67,          0,   11341341,        0,   -7658659,          0,       0,    2724953,            3,            0
 10144,    70,          0,   11001613,        0,   -7998387,          0,       0,    2926764,            3,            0
 10144,    71,          0,   12178149,        0,   -6821851,          0,       0,    3203078,            3,            0
 10144,    72,          0,   12758100,        0,   -6241900,          0,       0,    3107028,            3,            0
 10144,    73,          0,   10439547,        0,   -8560453,          0,       0,    2712933,            3,            0
 10144,    74,          0,   12628174,        0,   -6371826,          0,       0,    3233024,            3,            0
 10144,    75,          0,    9910396,        0,   -9089604,          0,       0,    2964701,            3,            0
 10144,    76,          0,    9849715,        0,   -9150285,          0,       0,    2780965,            3,            0
 10144,    77,          0,   16488611,        0,   -2511389,          0,       0,    2852987,            3,            0
 10144,    81,          0,   10068736,        0,   -8931264,          0,       0,    2854195,            3,            0
 10144,    82,          0,   11930904,        0,   -7069096,          0,       0,    3057897,            3,            0
 10144,    83,          0,   15742241,        0,   -3257759,          0,       0,    3125245,            3,            0
 10144,    84,          0,   11225274,        0,   -7774726,          0,       0,    3201109,            3,            0
 10144,    85,          0,   12041109,        0,   -6958891,          0,       0,    2880757,            3,            0
 10144,    86,          0,   10561208,        0,   -8438792,          0,       0,    2344147,            3,            0
 10144,    87,          0,   11113901,        0,   -7886099,          0,       0,    1875831,            3,            0
 10144,    88,          0,   11637587,        0,   -7362413,          0,       0,    2640767,            3,            0
 10144,    92,          0,    8519707,        0,  -10480293,          0,       0,    2320710,            3,            0
 10144,    93,          0,   13488111,        0,   -5511889,          0,       0,    3861441,            3,            0
 10144,    94,          0,   10830128,        0,   -8169872,          0,       0,    1948583,            3,            0
 10144,    95,          0,   15970897,        0,   -3029103,          0,       0,    2895952,            3,            0
 10144,    96,          0,    8037675,        0,  -10962325,          0,       0,    1882956,            3,            0
 10144,    97,          0,    9083231,        0,   -9916769,          0,       0,    2241084,            3,            0
 10144,    98,          0,    8898146,        0,  -10101854,          0,       0,    2328918,            3,            0
 10144,    99,          0,    8443204,        0,  -10556796,          0,       0,    2149794,            3,            0
 10144,   103,          0,    8538066,        0,  -10461934,          0,       0,    1834269,            3,            0
 10144,   104,          0,    8638919,        0,  -10361081,          0,       0,    2004259,            3,            0
 10144,   105,          0,   12659188,        0,   -6340812,          0,       0,    2585086,            3,            0
 10144,   106,          0,    9289673,        0,   -9710327,          0,       0,    2164916,            3,            0
 10144,   107,          0,   13669776,        0,   -5330224,          0,       0,    2952325,            3,            0
 10144,   108,          0,    7525787,        0,  -11474213,          0,       0,    2210973,            3,            0
 10144,   109,          0,    8783367,        0,  -10216633,          0,       0,    2148112,            3,            0
 10144,   110,          0,    9297982,        0,   -9702018,          0,       0,    2306909,            3,            0
 10144,   113,          0,   10711400,        0,   -8288600,          0,       0,    2388767,            3,            0
 10144,   114,          0,   12689280,        0,   -6310720,          0,       0,    3107089,            3,            0
 10144,   115,          0,    9693302,        0,   -9306698,          0,       0,    2524021,            3,            0
 10144,   116,          0,   11054695,        0,   -7945305,          0,       0,    2565936,            3,            0
 10144,   117,          0,    8865805,        0,  -10134195,          0,       0,    2362282,            3,            0
 10144,   118,          0,   10314964,        0,   -8685036,          0,       0,    2743733,            3,            0
 10144,   119,          0,    8213442,        0,  -10786558,          0,       0,    2067394,            3,            0
 10144,   120,          0,   10758745,        0,   -8241255,          0,       0,    2123408,            3,            0
 10144,   124,          0,    9092171,        0,   -9907829,          0,       0,    2450325,            3,            0
 10144,   125,          0,   11476616,        0,   -7523384,          0,       0,    2202254,            3,            0
 10144,   126,          0,    9214488,        0,   -9785512,          0,       0,    2562576,            3,            0
 10144,   127,          0,   11834797,        0,   -7165203,          0,       0,    2866717,            3,            0
 10144,   128,          0,    7156746,        0,  -11843254,          0,       0,    2109676,            3,            0
 10144,   129,          0,    8252135,        0,  -10747865,          0,       0,    2119190,            3,            0
 10144,   130,          0,   12607296,        0,   -6392704,          0,       0,    2237185,            3,            0
 10144,   131,          0,    8219076,        0,  -10780924,          0,       0,    2020311,            3,            0
 10144,   135,          0,      39206,        0,  -18960794,          0,       0,      32712,            1,            0
 10144,   136,          0,    5895540,        0,  -13104460,          0,       0,    2470066,            3,            0
 10144,   137,          0,    6813115,        0,  -12186885,          0,       0,    2681662,            3,            0
 10144,   138,          0,    5109933,        0,  -13890067,          0,       0,    1656613,            3,            0
 10144,   139,          0,    4823235,        0,  -14176765,          0,       0,    2307010,            3,            0
 10144,   140,          0,    4536193,        0,  -14463807,          0,       0,    2762216,            3,            0
 10144,   141,          0,    9677191,        0,   -9322809,          0,       0,    4378391,            3,            0
 10144,   142,          0,    8540411,        0,  -10459589,          0,       0,    2511848,            3,            0
 10144,   147,          0,    3108885,        0,  -15891115,          0,       0,    1969129,            3,            0
 10144,   148,          0,    5900070,        0,  -13099930,          0,       0,    2221130,            3,            0
 10144,   149,          0,    3408136,        0,  -15591864,          0,       0,    2399852,            3,            0
 10144,   150,          0,    4290238,        0,  -14709762,          0,       0,    3079561,            3,            0
 10144,   151,          0,    3898573,        0,  -15101427,          0,       0,    3109927,            3,            0
 10144,   152,          0,    5250031,        0,  -13749969,          0,       0,    2182849,            3,            0
 10144,   153,          0,    5494353,        0,  -13505647,          0,       0,    2327665,            3,            0
 10144,   154,          0,    9462277,        0,   -9537723,          0,       0,    3613762,            3,            0
 10144,   157,          0,    3601435,        0,  -15398565,          0,       0,    2066383,            3,            0
 10144,   158,          0,    4216258,        0,  -14783742,          0,       0,    2559904,            3,            0
 10144,   159,          0,    6077542,        0,  -12922458,          0,       0,    2473066,            3,            0
 10144,   160,          0,    3898780,        0,  -15101220,          0,       0,    2028672,            3,            0
 10144,   161,          0,    3791895,        0,  -15208105,          0,       0,    2308526,            3,            0
 10144,   162,          0,    4347268,        0,  -14652732,          0,       0,    2727948,            3,            0
 10144,   163,          0,   10089563,        0,   -8910437,          0,       0,    2123067,            3,            0
 10144,   164,          0,    5607740,        0,  -13392260,          0,       0,    2562739,            3,            0
 10144,   168,          0,    8393373,        0,  -10606627,          0,       0,    2825920,            3,            0
 10144,   169,          0,   13296819,        0,   -5703181,          0,       0,    2519331,            3,            0
 10144,   170,          0,    4546592,        0,  -14453408,          0,       0,    2372460,            3,            0
 10144,   171,          0,    4200922,        0,  -14799078,          0,       0,    2832858,            3,            0
 10144,   172,          0,    4846818,        0,  -14153182,          0,       0,    2721811,            3,            0
 10144,   173,          0,    7920242,        0,  -11079758,          0,       0,    2932396,            3,            0
 10144,   174,          0,    4070217,        0,  -14929783,          0,       0,    2513520,            3,            0
 10144,   175,          0,    4554412,        0,  -14445588,          0,       0,    2776972,            3,            0
 10144,   179,          0,    5569740,        0,  -13430260,          0,       0,    3113315,            3,            0
 10144,   180,          0,    9920989,        0,   -9079011,          0,       0,    2654895,            3,            0
 10144,   181,          0,    5873769,        0,  -13126231,          0,       0,    2377141,            3,            0
 10144,   182,          0,    7192780,        0,  -11807220,          0,       0,    3088562,            3,            0
 10144,   183,          0,    3125931,        0,  -15874069,          0,       0,    2566109,            3,            0
 10144,   184,          0,    3838519,        0,  -15161481,          0,       0,    2592773,            3,            0
 10144,   185,          0,    6338103,        0,  -12661897,          0,       0,    3926496,            3,            0
 10144,   186,          0,    6706222,        0,  -12293778,          0,       0,    2456873,            3,            0
 10144,   190,          0,    5854459,        0,  -13145541,          0,       0,    3045672,            3,            0
 10144,   191,          0,    6116620,        0,  -12883380,          0,       0,    3014615,            3,            0
 10144,   192,          0,   11379467,        0,   -7620533,          0,       0,    2726521,            3,            0
 10144,   193,          0,   10070395,        0,   -8929605,          0,       0,    3023308,            3,            0
 10144,   194,          0,    3587414,        0,  -15412586,          0,       0,    2730009,            3,            0
 10144,   195,          0,    4005286,        0,  -14994714,          0,       0,    2663569,            3,            0
 10144,   196,          0,    5866320,        0,  -13133680,          0,       0,    2839514,            3,            0
 10144,   197,          0,    8194149,        0,  -10805851,          0,       0,    2796428,            3,            0
 10144,   200,          0,    6077535,        0,  -12922465,          0,       0,    2982004,            3,            0
 10144,   201,          0,    5718956,        0,  -13281044,          0,       0,    2661123,            3,            0
 10144,   202,          0,    6823738,        0,  -12176262,          0,       0,    2457131,            3,            0
 10144,   203,          0,    5690556,        0,  -13309444,          0,       0,    2371720,            3,            0
 10144,   204,          0,    3111911,        0,  -15888089,          0,       0,    2478329,            3,            0
 10144,   205,          0,    3730011,        0,  -15269989,          0,       0,    2808158,            3,            0
 10144,   206,          0,    3254155,        0,  -15745845,          0,       0,    2516954,            3,            0
 10144,   207,          0,    6465496,        0,  -12534504,          0,       0,    3036226,            3,            0
 10144,   211,          0,    5058944,        0,  -13941056,          0,       0,    2309254,            3,            0
 10144,   212,          0,    4524036,        0,  -14475964,          0,       0,    2750110,            3,            0
 10144,   213,          0,    3250704,        0,  -15749296,          0,       0,    2283181,            3,            0
 10144,   214,          0,    6184452,        0,  -12815548,          0,       0,    2338345,            3,            0
 10144,   215,          0,    7149741,        0,  -11850259,          0,       0,    2101440,            3,            0
 10144,   216,          0,    6718858,        0,  -12281142,          0,       0,    4344741,            3,            0
 10144,   217,          0,    2302719,        0,  -16697281,          0,       0,    1725847,            3,            0
 10144,   218,          0,    5315190,        0,  -13684810,          0,       0,    1660545,            3,            0
 10144,   222,          0,    3034444,        0,  -15965556,          0,       0,    1570361,            3,            0
 10144,   223,          0,    4079874,        0,  -14920126,          0,       0,    1576009,            3,            0
 10144,   224,          0,    3166158,        0,  -15833842,          0,       0,    1581373,            3,            0
 10144,   225,          0,    2425639,        0,  -16574361,          0,       0,    1488375,            3,            0
 10144,   226,          0,    4552342,        0,  -14447658,          0,       0,    1681628,            3,            0
 10144,   227,          0,    2239177,        0,  -16760823,          0,       0,    1851653,            3,            0
 10144,   228,          0,    5184475,        0,  -13815525,          0,       0,    1620792,            3,            0
 10144,   229,          0,    3579472,        0,  -15420528,          0,       0,    2476501,            3,            0
 10144,   233,          0,    9885459,        0,   -9114541,          0,       0,    2183753,            3,            0
 10144,   234,          0,    5513404,        0,  -13486596,          0,       0,    1606491,            3,            0
 10144,   235,          0,    2282115,        0,  -16717885,          0,       0,    1640976,            3,            0
 10144,   236,          0,    3340614,        0,  -15659386,          0,       0,    1584961,            3,            0
 10144,   237,          0,    4507766,        0,  -14492234,          0,       0,    1661635,            3,            0
 10144,   238,          0,    5492018,        0,  -13507982,          0,       0,    1563178,            3,            0
 10144,   239,          0,    2743990,        0,  -16256010,          0,       0,    1847355,            3,            0
 10144,   240,          0,    2022727,        0,  -16977273,          0,       0,    1563373,            3,            0
 10144,   243,          0,    8716392,        0,  -10283608,          0,       0,    2529157,            3,            0
 10144,   244,          0,    5507044,        0,  -13492956,          0,       0,    1744500,            3,            0
 10144,   245,          0,    7268086,        0,  -11731914,          0,       0,    1679033,            3,            0
 10144,   246,          0,    3968831,        0,  -15031169,          0,       0,    1712728,            3,            0
 10144,   247,          0,    6091691,        0,  -12908309,          0,       0,    2334417,            3,            0
 10144,   248,          0,    4647376,        0,  -14352624,          0,       0,    2165832,            3,            0
 10144,   249,          0,    3279571,        0,  -15720429,          0,       0,    2081870,            3,            0
 10144,   250,          0,    9569479,        0,   -9430521,          0,       0,    2099493,            3,            0
 10144,   254,          0,    2213559,        0,  -16786441,          0,       0,    1674895,            3,            0
 10144,   255,          0,    2956340,        0,  -16043660,          0,       0,    1772428,            3,            0
 10144,   256,          0,    4508352,        0,  -14491648,          0,       0,    2805987,            3,            0
 10144,   257,          0,    6251575,        0,  -12748425,          0,       0,    1866108,            3,            0
 10144,   258,          0,    2943572,        0,  -16056428,          0,       0,    1855111,            3,            0
 10144,   259,          0,    2597386,        0,  -16402614,          0,       0,    2170883,            3,            0
 10144,   260,          0,    6661682,        0,  -12338318,          0,       0,    1813134,            3,            0
 10144,   261,          0,    2408797,        0,  -16591203,          0,       0,    1931905,            3,            0
 10144,   265,          0,    3626504,        0,  -15373496,          0,       0,    1823843,            3,            0
 10144,   266,          0,    4069852,        0,  -14930148,          0,       0,    1866388,            3,            0
 10144,   267,          0,    5167394,        0,  -13832606,          0,       0,    1942740,            3,            0
 10144,   268,          0,    2693195,        0,  -16306805,          0,       0,    2110200,            3,            0
 10144,   269,          0,    5861348,        0,  -13138652,          0,       0,    2686971,            3,            0
 10144,   270,          0,    2574860,        0,  -16425140,          0,       0,    1891392,            3,            0
 10144,   271,          0,    8669584,        0,  -10330416,          0,       0,    1903812,            3,            0
 10144,   272,          0,    3761797,        0,  -15238203,          0,       0,    2267696,            3,            0
 10144,   276,          0,    3715807,        0,  -15284193,          0,       0,    1886604,            3,            0
 10144,   277,          0,    3570929,        0,  -15429071,          0,       0,    2269666,            3,            0
 10144,   278,          0,    4391232,        0,  -14608768,          0,       0,    3309848,            3,            0
 10144,   279,          0,    3605098,        0,  -15394902,          0,       0,    2094060,            3,            0
 10144,   280,          0,    7078298,        0,  -11921702,          0,       0,    1980404,            3,            0
 10144,   281,          0,    5360869,        0,  -13639131,          0,       0,    2002344,            3,            0
 10144,   282,          0,    5864873,        0,  -13135127,          0,       0,    1914110,            3,            0
 10144,   283,          0,    4335248,        0,  -14664752,          0,       0,    2007825,            3,            0
 10144,   287,          0,    2337602,        0,  -16662398,          0,       0,    1889224,            3,            0
 10144,   288,          0,    3816332,        0,  -15183668,          0,       0,    1784552,            3,            0
 10144,   289,          0,    6821661,        0,  -12178339,          0,       0,    1947795,            3,            0
 10144,   290,          0,    2686066,        0,  -16313934,          0,       0,    1863835,            3,            0
 10144,   291,          0,    5635966,        0,  -13364034,          0,       0,    1913786,            3,            0
 10144,   292,          0,    6805934,        0,  -12194066,          0,       0,    2497277,            3,            0
 10144,   293,          0,    5552375,        0,  -13447625,          0,       0,    1858863,            3,            0
 10144,   294,          0,    4211178,        0,  -14788822,          0,       0,    1844196,            3,            0
 10144,   298,          0,   12985694,        0,   -6014306,          0,       0,    3110020,            3,            0
 10144,   299,          0,    2689028,        0,  -16310972,          0,       0,    1797517,            3,            0
 10144,   300,          0,    4107035,        0,  -14892965,          0,       0,    1864584,            3,            0
 10144,   301,          0,    7067422,        0,  -11932578,          0,       0,    2504724,            3,            0
 10144,   302,          0,    5409316,        0,  -13590684,          0,       0,    1649754,            3,            0
 10144,   303,          0,    3814830,        0,  -15185170,          0,       0,    1687989,            3,            0
 10144,   304,          0,    2064456,        0,  -16935544,          0,       0,    1668730,            3,            0
 10144,   305,          0,    7587867,        0,  -11412133,          0,       0,    2105914,            3,            0
 10144,   308,          0,    2870393,        0,  -16129607,          0,       0,    1760642,            3,            0
 10144,   309,          0,    2215446,        0,  -16784554,          0,       0,    1647915,            3,            0
 10144,   310,          0,    4756045,        0,  -14243955,          0,       0,    1916627,            3,            0
 10144,   311,          0,    2962761,        0,  -16037239,          0,       0,    1857639,            3,            0
 10144,   312,          0,    4155963,        0,  -14844037,          0,       0,    1833851,            3,            0
 10144,   313,          0,    3606744,        0,  -15393256,          0,       0,    1577897,            3,            0
 10144,   314,          0,    5859837,        0,  -13140163,          0,       0,    1776415,            3,            0
 10144,   315,          0,    3160590,        0,  -15839410,          0,       0,    1818659,            3,            0
 10144,   319,          0,    3878297,        0,  -15121703,          0,       0,    1903412,            3,            0
 10144,   320,          0,    5336307,        0,  -13663693,          0,       0,    1757247,            3,            0
 10144,   321,          0,    4543087,        0,  -14456913,          0,       0,    3266613,            3,            0
 10144,   322,          0,    3318257,        0,  -15681743,          0,       0,    1810579,            3,            0
 10144,   323,          0,    6502242,        0,  -12497758,          0,       0,    1828173,            3,            0
 10144,   324,          0,    2285576,        0,  -16714424,          0,       0,    1914138,            3,            0
 10144,   325,          0,    1811667,        0,  -17188333,          0,       0,    1729200,            3,            0
 10144,   326,          0,    3560009,        0,  -15439991,          0,       0,    2268265,            3,            0
 10144,   330,          0,    6786288,        0,  -12213712,          0,       0,    5071242,            3,            0
 10144,   331,          0,    4952234,        0,  -14047766,          0,       0,    2031261,            3,            0
 10144,   332,          0,    7546090,        0,  -11453910,          0,       0,    2082972,            3,            0
 10144,   333,          0,    3913916,        0,  -15086084,          0,       0,    2044427,            3,            0
 10144,   334,          0,    4570872,        0,  -14429128,          0,       0,    2433816,            3,            0
 10144,   335,          0,    3745974,        0,  -15254026,          0,       0,    2354231,            3,            0
 10144,   336,          0,    7172004,        0,  -11827996,          0,       0,    2240229,            3,            0
 10144,   337,          0,    4504586,        0,  -14495414,          0,       0,    2514937,            3,            0
 10144,   341,          0,    3319582,        0,  -15680418,          0,       0,    2137973,            3,            0
 10144,   342,          0,    6098607,        0,  -12901393,          0,       0,    2519507,            3,            0
 10144,   343,          0,    5304675,        0,  -13695325,          0,       0,    2174694,            3,            0
 10144,   344,          0,    8061324,        0,  -10938676,          0,       0,    2270203,            3,            0
 10144,   345,          0,    2659397,        0,  -16340603,          0,       0,    2015301,            3,            0
 10144,   346,          0,    5214479,        0,  -13785521,          0,       0,    2684391,            3,            0
 10144,   347,          0,    4985733,        0,  -14014267,          0,       0,    2107701,            3,            0
 10144,   348,          0,    2388113,        0,  -16611887,          0,       0,    2210587,            3,            0
 10144,   349,          0,    2770551,        0,  -16229449,          0,       0,    2373016,            3,            0
 10144,   350,          0,    5076011,        0,  -13923989,          0,       0,    2674992,            3,            0
 10144,   351,          0,    3076776,        0,  -15923224,          0,       0,    2270420,            3,            0
 10144,   352,          0,    6761240,        0,  -12238760,          0,       0,    1956201,            3,            0
 10144,   353,          0,    2840553,        0,  -16159447,          0,       0,    2390374,            3,            0
 10144,   354,          0,    3444130,        0,  -15555870,          0,       0,    2325921,            3,            0
 10144,   355,          0,    3267284,        0,  -15732716,          0,       0,    2159658,            3,            0
 10144,   356,          0,    3559153,        0,  -15440847,          0,       0,    2402468,            3,            0
 10144,   357,          0,    5334054,        0,  -13665946,          0,       0,    2785486,            3,            0
 10144,   358,          0,    2143564,        0,  -16856436,          0,       0,    2025681,            3,            0
 10144,   359,          0,    2636456,        0,  -16363544,          0,       0,    2055383,            3,            0
 10144,   360,          0,    2642042,        0,  -16357958,          0,       0,    2297744,            3,            0
 10144,   361,          0,    2282922,        0,  -16717078,          0,       0,    2073336,            3,            0
 10144,   362,          0,    3246153,        0,  -15753847,          0,       0,    2524698,            3,            0
 10144,   363,          0,    3374876,        0,  -15625124,          0,       0,    2267159,            3,            0
 10144,   364,          0,    2333265,        0,  -16666735,          0,       0,    2190297,            3,            0
 10144,   365,          0,    2377131,        0,  -16622869,          0,       0,    2118919,            3,            0
 10144,   366,          0,    2910232,        0,  -16089768,          0,       0,    2099141,            3,            0
 10144,   367,          0,    2195509,        0,  -16804491,          0,       0,    2083526,            3,            0
 10144,   368,          0,    2124373,        0,  -16875627,          0,       0,    1946513,            3,            0
 10144,   369,          0,    3659446,        0,  -15340554,          0,       0,    2220709,            3,            0
 10144,   370,          0,    6356149,        0,  -12643851,          0,       0,    3409253,            3,            0
 10144,   371,          0,    4244522,        0,  -14755478,          0,       0,    2045529,            3,            0
 10144,   372,          0,    4447042,        0,  -14552958,          0,       0,    1979506,            3,            0
 10144,   373,          0,    2245631,        0,  -16754369,          0,       0,    2142559,            3,            0
 10144,   374,          0,    1854895,        0,  -17145105,          0,       0,    1766761,            3,            0
 10144,   375,          0,    2125732,        0,  -16874268,          0,       0,    1917944,            3,            0
 10144,   376,          0,    2130181,        0,  -16869819,          0,       0,    1955420,            3,            0
 10144,   377,          0,    2538922,        0,  -16461078,          0,       0,    2065494,            3,            0
 10144,   378,          0,    2382632,        0,  -16617368,          0,       0,    2229459,            3,            0
 10144,   379,          0,    3532649,        0,  -15467351,          0,       0,    3325846,            3,            0
 10144,   380,          0,    2521816,        0,  -16478184,          0,       0,    2271630,            3,            0
 10144,   381,          0,    4606008,        0,  -14393992,          0,       0,    2195733,            3,            0
 10144,   382,          0,    2892025,        0,  -16107975,          0,       0,    2306259,            3,            0
 10144,   383,          0,    6076723,        0,  -12923277,          0,       0,    2952474,            3,            0
 10144,   384,          0,    3143454,        0,  -15856546,          0,       0,    2862130,            3,            0
 10144,   385,          0,    4146737,        0,  -14853263,          0,       0,    3396345,            3,            0
 10144,   386,          0,    2501572,        0,  -16498428,          0,       0,    2359805,            3,            0
 10144,   387,          0,    2554340,        0,  -16445660,          0,       0,    2251641,            3,            0
 10144,   388,          0,      51095,        0,  -18948905,          0,       1,          0,            0,            0
# task NAME=<unknown> PID=10252 COST=0 PERIOD=0 CPU=-1
 10252,     2,          0,      13824,        0,  -45652842,          0,       0,       1986,            0,            0
 10252,     3,          0,     468175,        0,  -45198491,          0,       0,      14375,            0,            0
 10252,     4,          0,  145698183,        1,  100031517,  100031517,       0,   50255820,            0,            0
 10252,     5,          0,  100350788,        1,   54684122,   54684122,       0,     317281,            0,            0
 10252,     6,          0,     402231,        0,  -45264435,          0,       0,     378146,            1,            0
 10252,     7,          0,    2541253,        0,  -43125413,          0,       0,     707133,            1,            0
 10252,     8,          0,    2220950,        0,  -43445716,          0,       0,    1890091,            1,            0
 10252,     9,          0,    3139697,        0,  -42526969,          0,       0,     749707,            1,            0
 10252,    12,          0,    3470742,        0,  -42195924,          0,       0,    1703478,            1,            0
 10252,    13,          0,   14037055,        0,  -31629611,          0,       0,    1204914,            1,            0
 10252,    14,          0,    9949863,        0,  -35716803,          0,       0,     939063,            1,            0
 10252,    15,          0,    6956839,        0,  -38709827,          0,       0,    1104813,            1,            0
 10252,    16,          0,   12858337,        0,  -32808329,          0,       0,    1063941,            1,            0
 10252,    17,          0,    2285060,        0,  -43381606,          0,       0,     974603,            1,            0
 10252,    18,          0,    1596554,        0,  -44070112,          0,       0,    1117601,            1,            0
 10252,    21,          0,    9115764,        0,  -36550902,          0,       0,    1330905,            1,            0
 10252,    22,          0,    2680333,        0,  -42986333,          0,       0,    1042903,            1,            0
 10252,    23,          0,    1492437,        0,  -44174229,          0,       0,    1368239,            1,            0
 10252,    24,          0,    7144451,        0,  -38522215,          0,       0,    1791417,            1,            0
 10252,    25,          0,    3480864,        0,  -42185802,          0,       0,    1321510,            1,            0
 10252,    26,          0,   14577377,        0,  -31089289,          0,       0,    1252736,            1,            0
 10252,    27,          0,    2407263,        0,  -43259403,          0,       0,    1605859,            1,            0
 10252,    30,          0,    2109064,        0,  -43557602,          0,       0,    1317474,            1,            0
 10252,    31,          0,    7106944,        0,  -38559722,          0,       0,    1172975,            1,            0
 10252,    32,          0,    1782861,        0,  -43883805,          0,       0,    1087923,            1,            0
 10252,    33,          0,    1863162,        0,  -43803504,          0,       0,    1295085,            1,            0
 10252,    34,          0,    5758970,        0,  -39907696,          0,       0,    1145896,            1,            0
 10252,    35,          0,    3775519,        0,  -41891147,          0,       0,    1194504,            1,            0
 10252,    36,          0,   13170965,        0,  -32495701,          0,       0,    1083132,            1,            0
 10252,    39,          0,    5001332,        0,  -40665334,          0,       0,    1030170,            1,            0
 10252,    40,          0,    1433448,        0,  -44233218,          0,       0,    1189283,            1,            0
 10252,    43,          0,    1789084,        0,  -43877582,          0,       0,    1173793,            1,            0
 10252,    44,          0,    2739288,        0,  -42927378,          0,       0,     965512,            1,            0
 10252,    45,          0,    5374293,        0,  -40292373,          0,       0,    1122068,            1,            0
 10252,    48,          0,    1712832,        0,  -43953834,          0,       0,    1221936,            1,            0
 10252,    49,          0,    2013626,        0,  -43653040,          0,       0,    1075403,            1,            0
 10252,    50,          0,    4185185,        0,  -41481481,          0,       0,    1159565,            1,            0
 10252,    51,          0,    6342676,        0,  -39323990,          0,       0,    1142588,            1,            0
 10252,    52,          0,    2592277,        0,  -43074389,          0,       0,     866947,            1,            0
 10252,    53,          0,    9465882,        0,  -36200784,          0,       0,    1200938,            2,            0
 10252,    54,          0,    2436728,        0,  -43229938,          0,       0,     755440,            1,            0
 10252,    57,          0,    2445782,        0,  -43220884,          0,       0,     746958,            1,            0
 10252,    58,          0,    7890401,        0,  -37776265,          0,       0,     795427,            1,            0
 10252,    61,          0,    2430059,        0,  -43236607,          0,       0,     737538,            1,            0
 10252,    62,          0,    2184674,        0,  -43481992,          0,       0,     684277,            1,            0
 10252,    63,          0,    9118715,        0,  -36547951,          0,       0,     698239,            1,            0
 10252,    66,          0,    2332573,        0,  -43334093,          0,       0,     712658,            1,            0
 10252,    67,          0,    1071714,        0,  -44594952,          0,       0,     849441,            1,            0
 10252,    68,          0,    5816620,        0,  -39850046,          0,       0,     938935,            1,            0
 10252,    69,          0,    4239449,        0,  -41427217,          0,       0,     795186,            1,            0
 10252,    70,          0,    9055331,        0,  -36611335,          0,       0,    1351546,            2,            0
 10252,    71,          0,    3705062,        0,  -41961604,          0,       0,     835940,            1,            0
 10252,    72,          0,    2484052,        0,  -43182614,          0,       0,     806488,            1,            0
 10252,    75,          0,    1203233,        0,  -44463433,          0,       0,    1073207,            1,            0
 10252,    76,          0,    2244523,        0,  -43422143,          0,       0,     870474,            1,            0
 10252,    77,          0,    2599285,        0,  -43067381,          0,       0,     766594,            1,            0
 10252,    78,          0,    9207414,        0,  -36459252,          0,       0,    1222532,            1,            0
 10252,    79,          0,    5810582,        0,  -39856084,          0,       0,     660171,            1,            0
 10252,    80,          0,    1708933,        0,  -43957733,          0,       0,     854338,            1,            0
 10252,    81,          0,    2002439,        0,  -43664227,          0,       0,    1303463,            1,            0
 10252,    84,          0,    7060262,        0,  -38606404,          0,       0,     830715,            1,            0
 10252,    85,          0,    5733971,        0,  -39932695,          0,       0,    1238888,            2,            0
 10252,    86,          0,    6963620,        0,  -38703046,          0,       0,    1060081,            1,            0
 10252,    87,          0,    4232183,        0,  -41434483,          0,       0,     865876,            1,            0
 10252,    88,          0,    4831983,        0,  -40834683,          0,       0,     888694,            1,            0
 10252,    89,          0,    1160232,        0,  -44506434,          0,       0,     876546,            1,            0
 10252,    90,          0,    1311916,        0,  -44354750,          0,       0,     831171,            1,            0
 10252,    93,          0,    3826375,        0,  -41840291,          0,       0,     876339,            1,            0
 10252,    94,          0,    1721864,        0,  -43944802,          0,       0,     652732,            1,            0
 10252,    95,          0,    1755813,        0,  -43910853,          0,       0,     892107,            1,            0
 10252,    96,          0,    1489869,        0,  -44176797,          0,       0,     898672,            1,            0
 10252,    97,          0,    1273284,        0,  -44393382,          0,       0,     785435,            1,            0
 10252,    98,          0,    2603872,        0,  -43062794,          0,       0,     777964,            1,            0
 10252,    99,          0,    2356964,        0,  -43309702,          0,       0,     809209,            1,            0
 10252,   102,          0,    3362835,        0,  -42303831,          0,       0,     823131,            1,            0
 10252,   103,          0,    1722766,        0,  -43943900,          0,       0,    1068410,            1,            0
 10252,   104,          0,    2250839,        0,  -43415827,          0,       0,    1372423,            1,            0
 10252,   105,          0,   10558437,        0,  -35108229,          0,       0,    1680090,            2,            0
 10252,   106,          0,    4525896,        0,  -41140770,          0,       0,    1022140,            1,            0
 10252,   107,          0,    1691207,        0,  -43975459,          0,       0,    1578074,            1,            0
 10252,   108,          0,    2350912,        0,  -43315754,          0,       0,    1636899,            1,            0
 10252,   111,          0,    3839670,        0,  -41826996,          0,       0,     983207,            1,            0
 10252,   112,          0,    2776270,        0,  -42890396,          0,       0,     855555,            1,            0
 10252,   113,          0,    2175785,        0,  -43490881,          0,       0,    1155740,            1,            0
 10252,   114,          0,    2690391,        0,  -42976275,          0,       0,     846014,            1,            0
 10252,   115,          0,    5669753,        0,  -39996913,          0,       0,     951226,            1,            0
 10252,   116,          0,    2327585,        0,  -43339081,          0,       0,    1013366,            1,            0
 10252,   117,          0,    3964145,        0,  -41702521,          0,       0,     916114,            1,            0
 10252,   120,          0,    3582451,        0,  -42084215,          0,       0,    1012263,            1,            0
 10252,   121,          0,    2277928,        0,  -43388738,          0,       0,     990841,            1,            0
 10252,   122,          0,    2812057,        0,  -42854609,          0,       0,    1001540,            1,            0
 10252,   123,          0,    2041368,        0,  -43625298,          0,       0,    1126967,            1,            0
 10252,   124,          0,    1243196,        0,  -44423470,          0,       0,     818887,            1,            0
 10252,   125,          0,    5283770,        0,  -40382896,          0,       0,     946180,            1,            0
 10252,   126,          0,    2139669,        0,  -43526997,          0,       0,     920866,            1,            0
 10252,   129,          0,    5640592,        0,  -40026074,          0,       0,     765349,            1,            0
 10252,   130,          0,    1602747,        0,  -44063919,          0,       0,     782085,            1,            0
 10252,   131,          0,    4496080,        0,  -41170586,          0,       0,    3392123,            1,            0
 10252,   132,          0,     586791,        0,  -45079875,          0,       0,     545563,            1,            0
 10252,   133,          0,    4377287,        0,  -41289379,          0,       0,     543288,            1,            0
 10252,   134,          0,    1158459,        0,  -44508207,          0,       0,     569902,            1,            0
 10252,   135,          0,    1495607,        0,  -44171059,          0,       0,     590918,            1,            0
 10252,   138,          0,    2940939,        0,  -42725727,          0,       0,     545751,            1,            0
 10252,   139,          0,    2240421,        0,  -43426245,          0,       0,     606615,            1,            0
 10252,   140,          0,    2755032,        0,  -42911634,          0,       0,     759251,            1,            0
 10252,   141,          0,    3856306,        0,  -41810360,          0,       0,     569988,            1,            0
 10252,   142,          0,    1075807,        0,  -44590859,          0,       0,     873714,            1,            0
 10252,   143,          0,    3492360,        0,  -42174306,          0,       0,     989370,            1,            0
 10252,   144,          0,    1740081,        0,  -43926585,          0,       0,     576496,            1,            0
 10252,   147,          0,    2080780,        0,  -43585886,          0,       0,     660574,            1,            0
 10252,   148,          0,    3911186,        0,  -41755480,          0,       0,     678466,            1,            0
 10252,   149,          0,     807446,        0,  -44859220,          0,       0,     614624,            1,            0
 10252,   150,          0,    1328607,        0,  -44338059,          0,       0,     676820,            1,            0
 10252,   151,          0,     885678,        0,  -44780988,          0,       0,     728669,            1,            0
 10252,   152,          0,    3931217,        0,  -41735449,          0,       0,     634915,            1,            0
 10252,   153,          0,    3134979,        0,  -42531687,          0,       0,     654498,            1,            0
 10252,   154,          0,     763746,        0,  -44902920,          0,       0,     629767,            1,            0
 10252,   155,          0,     975263,        0,  -44691403,          0,       0,     870978,            1,            0
 10252,   156,          0,     797875,        0,  -44868791,          0,       0,     680318,            1,            0
 10252,   157,          0,    1701074,        0,  -43965592,          0,       0,    1555422,            1,            0
 10252,   158,          0,    3671301,        0,  -41995365,          0,       0,    1406022,            1,            0
 10252,   159,          0,     721389,        0,  -44945277,          0,       0,     673784,            1,            0
 10252,   160,          0,     933172,        0,  -44733494,          0,       0,     718664,            1,            0
 10252,   161,          0,    3021085,        0,  -42645581,          0,       0,     809154,            1,            0
 10252,   162,          0,     867380,        0,  -44799286,          0,       0,     840093,            1,            0
 10252,   163,          0,    3500600,        0,  -42166066,          0,       0,     795546,            1,            0
 10252,   164,          0,    1103808,        0,  -44562858,          0,       0,     697492,            1,            0
 10252,   165,          0,     860366,        0,  -44806300,          0,       0,     806601,            1,            0
 10252,   166,          0,    1332832,        0,  -44333834,          0,       0,     902839,            1,            0
 10252,   167,          0,    3391008,        0,  -42275658,          0,       0,     972088,            1,            0
 10252,   168,          0,    1227630,        0,  -44439036,          0,       0,     832679,            1,            0
 10252,   169,          0,    1661710,        0,  -44004956,          0,       0,     804523,            1,            0
 10252,   170,          0,    1086297,        0,  -44580369,          0,       0,     881561,            1,            0
 10252,   171,          0,    1837568,        0,  -43829098,          0,       0,     798644,            1,            0
 10252,   172,          0,     792292,        0,  -44874374,          0,       0,     706453,            1,            0
 10252,   173,          0,     835645,        0,  -44831021,          0,       0,     762648,            1,            0
 10252,   174,          0,    1080687,        0,  -44585979,          0,       0,     824769,            1,            0
 10252,   175,          0,     990368,        0,  -44676298,          0,       0,     783902,            1,            0
 10252,   176,          0,     813777,        0,  -44852889,          0,       0,     755612,            1,            0
 10252,   177,          0,    1292661,        0,  -44374005,          0,       0,    1070400,            1,            0
 10252,   178,          0,    2067537,        0,  -43599129,          0,       0,     722513,            1,            0
 10252,   179,          0,     870967,        0,  -44795699,          0,       0,     700896,            1,            0
 10252,   180,          0,    2023336,        0,  -43643330,          0,       0,     925098,            1,            0
 10252,   181,          0,    1485517,        0,  -44181149,          0,       0,     715832,            1,            0
 10252,   182,          0,    2044620,        0,  -43622046,          0,       0,     855353,            1,            0
 10252,   183,          0,     748624,        0,  -44918042,          0,       0,     694666,            1,            0
 10252,   184,          0,     850378,        0,  -44816288,          0,       0,     673478,            1,            0
 10252,   185,          0,    2197314,        0,  -43469352,          0,       0,     873097,            1,            0
 10252,   186,          0,    1615826,        0,  -44050840,          0,       0,     662306,            1,            0
 10252,   187,          0,     929497,        0,  -44737169,          0,       0,     641446,            1,            0
 10252,   188,          0,    1618765,        0,  -44047901,          0,       0,     761619,            1,            0
 10252,   189,          0,     749034,        0,  -44917632,          0,       0,     689889,            1,            0
 10252,   190,          0,    1605231,        0,  -44061435,          0,       0,     686769,            1,            0
 10252,   191,          0,     977105,        0,  -44689561,          0,       0,     698475,            1,            0
 10252,   192,          0,    1564528,        0,  -44102138,          0,       0,     695202,            1,            0
 10252,   193,          0,    1416451,        0,  -44250215,          0,       0,     733649,            1,            0
 10252,   194,          0,    1216263,        0,  -44450403,          0,       0,     711079,            1,            0
 10252,   195,          0,    1478634,        0,  -44188032,          0,       0,     806851,            1,            0
 10252,   196,          0,    1184943,        0,  -44481723,          0,       0,     800893,            1,            0
 10252,   197,          0,     792206,        0,  -44874460,          0,       0,     659155,            1,            0
 10252,   198,          0,     928557,        0,  -44738109,          0,       0,     733927,            1,            0
 10252,   199,          0,    1684903,        0,  -43981763,          0,       0,     660972,            1,            0
 10252,   200,          0,    2819465,        0,  -42847201,          0,       0,    2188745,            1,            0
 10252,   201,          0,    2287328,        0,  -43379338,          0,       0,     821253,            1,            0
 10252,   202,          0,     909274,        0,  -44757392,          0,       0,     835474,            1,            0
 10252,   203,          0,    1261406,        0,  -44405260,          0,       0,    1106993,            1,            0
 10252,   204,          0,    1420668,        0,  -44245998,          0,       0,     880983,            1,            0
 10252,   205,          0,    2122788,        0,  -43543878,          0,       0,     866147,            1,            0
 10252,   206,          0,    1812492,        0,  -43854174,          0,       0,     891984,            1,            0
 10252,   207,          0,     891851,        0,  -44774815,          0,       0,     834676,            1,            0
 10252,   208,          0,    2151163,        0,  -43515503,          0,       0,     873365,            1,            0
 10252,   209,          0,    2230397,        0,  -43436269,          0,       0,     859920,            1,            0
 10252,   210,          0,     204543,        0,  -45462123,          0,       1,          0,            0,            0
